(kicad_pcb (version 20171130) (host pcbnew "(5.1.9-0-10_14)")

  (general
    (thickness 1.6)
    (drawings 4)
    (tracks 2138)
    (zones 0)
    (modules 170)
    (nets 169)
  )

  (page A4)
  (layers
    (0 Top signal)
    (1 Route2 power hide)
    (2 Route3 mixed hide)
    (3 Route14 mixed hide)
    (4 Route15 mixed hide)
    (31 Bottom signal)
    (32 B.Adhes user hide)
    (33 F.Adhes user hide)
    (34 B.Paste user hide)
    (35 F.Paste user hide)
    (36 B.SilkS user hide)
    (37 F.SilkS user)
    (38 B.Mask user hide)
    (39 F.Mask user hide)
    (40 Dwgs.User user hide)
    (41 Cmts.User user hide)
    (42 Eco1.User user hide)
    (43 Eco2.User user hide)
    (44 Edge.Cuts user)
    (45 Margin user hide)
    (46 B.CrtYd user hide)
    (47 F.CrtYd user)
    (48 B.Fab user hide)
    (49 F.Fab user hide)
  )

  (setup
    (last_trace_width 0.25)
    (user_trace_width 0.2)
    (user_trace_width 0.25)
    (user_trace_width 0.4)
    (user_trace_width 0.6)
    (user_trace_width 1)
    (trace_clearance 0.127)
    (zone_clearance 0.254)
    (zone_45_only no)
    (trace_min 0.1)
    (via_size 0.6)
    (via_drill 0.3)
    (via_min_size 0.5)
    (via_min_drill 0.2)
    (user_via 0.5 0.2)
    (user_via 0.9 0.4)
    (uvia_size 0.6858)
    (uvia_drill 0.3302)
    (uvias_allowed no)
    (uvia_min_size 0.2)
    (uvia_min_drill 0.1)
    (edge_width 0.05)
    (segment_width 0.2)
    (pcb_text_width 0.2)
    (pcb_text_size 1 1)
    (mod_edge_width 0.15)
    (mod_text_size 0.8 0.8)
    (mod_text_width 0.15)
    (pad_size 5.599999 5.599999)
    (pad_drill 3.200001)
    (pad_to_mask_clearance 0)
    (solder_mask_min_width 0.1016)
    (aux_axis_origin 0 0.3175)
    (grid_origin 0 0.3175)
    (visible_elements FEFFFF7F)
    (pcbplotparams
      (layerselection 0x010fc_ffffffff)
      (usegerberextensions true)
      (usegerberattributes false)
      (usegerberadvancedattributes false)
      (creategerberjobfile false)
      (excludeedgelayer true)
      (linewidth 0.100000)
      (plotframeref false)
      (viasonmask false)
      (mode 1)
      (useauxorigin false)
      (hpglpennumber 1)
      (hpglpenspeed 20)
      (hpglpendiameter 15.000000)
      (psnegative false)
      (psa4output false)
      (plotreference true)
      (plotvalue true)
      (plotinvisibletext false)
      (padsonsilk false)
      (subtractmaskfromsilk true)
      (outputformat 1)
      (mirror false)
      (drillshape 0)
      (scaleselection 1)
      (outputdirectory "gerber0.1 mm"))
  )

  (net 0 "")
  (net 1 GND)
  (net 2 "Net-(U1-Pad8)")
  (net 3 "Net-(U1-Pad5)")
  (net 4 "Net-(U1-Pad1)")
  (net 5 "Net-(R36-Pad2)")
  (net 6 "Net-(K1-Pad5)")
  (net 7 "Net-(K2-Pad5)")
  (net 8 "Net-(Q1-Pad5)")
  (net 9 "Net-(Q3-Pad2)")
  (net 10 "Net-(Q3-Pad5)")
  (net 11 /bath_clamp_v1_1/P1_E)
  (net 12 +5V)
  (net 13 "Net-(D2-Pad2)")
  (net 14 "Net-(D3-Pad2)")
  (net 15 /bath_clamp_v1_1/P1_CAL)
  (net 16 "Net-(D5-Pad2)")
  (net 17 +15V)
  (net 18 -15V)
  (net 19 /bath_clamp_v1_1/A1)
  (net 20 /bath_clamp_v1_1/A2)
  (net 21 /bath_clamp_v1_1/EN)
  (net 22 /bath_clamp_v1_1/A0)
  (net 23 /bath_clamp_v1_1/AMP_OUT)
  (net 24 /bath_clamp_v1_1/P2)
  (net 25 -2V5)
  (net 26 +3V3)
  (net 27 "Net-(C6-Pad2)")
  (net 28 "Net-(C6-Pad1)")
  (net 29 +7V)
  (net 30 "Net-(C9-Pad2)")
  (net 31 "Net-(C10-Pad2)")
  (net 32 "Net-(C11-Pad2)")
  (net 33 "Net-(C12-Pad2)")
  (net 34 "Net-(C19-Pad2)")
  (net 35 "Net-(C23-Pad2)")
  (net 36 "Net-(C23-Pad1)")
  (net 37 "Net-(C24-Pad2)")
  (net 38 "Net-(C25-Pad2)")
  (net 39 "Net-(C26-Pad2)")
  (net 40 "Net-(IC1-Pad7)")
  (net 41 /SDA)
  (net 42 /SCL)
  (net 43 "Net-(IC1-Pad1)")
  (net 44 "Net-(Q4-Pad2)")
  (net 45 "Net-(Q4-Pad5)")
  (net 46 "Net-(R2-Pad2)")
  (net 47 "Net-(R3-Pad2)")
  (net 48 "Net-(R4-Pad2)")
  (net 49 "Net-(R5-Pad2)")
  (net 50 "Net-(R6-Pad2)")
  (net 51 "Net-(R7-Pad2)")
  (net 52 "Net-(R8-Pad2)")
  (net 53 /bath_clamp_v1_1/P2_CAL_CTRL)
  (net 54 /bath_clamp_v1_1/P2_E_CTRL)
  (net 55 /bath_clamp_v1_1/P1_CAL_CTRL)
  (net 56 /bath_clamp_v1_1/P1_E_CTRL)
  (net 57 /bath_clamp_v1_1/PCLAMP_CTRL)
  (net 58 "Net-(R14-Pad1)")
  (net 59 "Net-(R16-Pad1)")
  (net 60 /bath_clamp_v1_1/CC)
  (net 61 /bath_clamp_v1_1/CMD)
  (net 62 "Net-(R26-Pad1)")
  (net 63 "Net-(R35-Pad2)")
  (net 64 "Net-(R35-Pad1)")
  (net 65 "Net-(R37-Pad2)")
  (net 66 "Net-(R38-Pad2)")
  (net 67 "Net-(R39-Pad1)")
  (net 68 "Net-(R40-Pad1)")
  (net 69 "Net-(R42-Pad1)")
  (net 70 "Net-(R43-Pad2)")
  (net 71 /bath_clamp_v1_1/OUT_P)
  (net 72 /bath_clamp_v1_1/OUT_N)
  (net 73 "Net-(R47-Pad1)")
  (net 74 "Net-(R49-Pad2)")
  (net 75 "Net-(H1-Pad1)")
  (net 76 /bath_clamp_v1_1/CAL_SIG2)
  (net 77 /bath_clamp_v1_1/CAL_SIG1)
  (net 78 "Net-(U6-Pad7)")
  (net 79 "Net-(U7-Pad8)")
  (net 80 "Net-(U7-Pad5)")
  (net 81 "Net-(U9-Pad3)")
  (net 82 "Net-(U10-Pad6)")
  (net 83 "Net-(U10-Pad5)")
  (net 84 /bath_clamp_v1_1/G3)
  (net 85 /bath_clamp_v1_1/G2)
  (net 86 /bath_clamp_v1_1/G1)
  (net 87 /bath_clamp_v1_1/CCOMP4)
  (net 88 /bath_clamp_v1_1/CCOMP3)
  (net 89 /bath_clamp_v1_1/CCOMP2)
  (net 90 /bath_clamp_v1_1/CCOMP1)
  (net 91 /bath_clamp_v1_1/DAC_SEL4)
  (net 92 /bath_clamp_v1_1/DAC_SEL3)
  (net 93 /bath_clamp_v1_1/DAC_SEL2)
  (net 94 /bath_clamp_v1_1/DAC_SEL1)
  (net 95 /bath_clamp_v1_1/ADC_SEL4)
  (net 96 /bath_clamp_v1_1/ADC_SEL3)
  (net 97 /bath_clamp_v1_1/ADC_SEL2)
  (net 98 /bath_clamp_v1_1/ADC_SEL1)
  (net 99 "Net-(U12-Pad1)")
  (net 100 /bath_clamp_v1_1/RF4)
  (net 101 /bath_clamp_v1_1/RF3)
  (net 102 /bath_clamp_v1_1/RF2)
  (net 103 /bath_clamp_v1_1/RF1)
  (net 104 "Net-(U13-Pad1)")
  (net 105 "Net-(U15-Pad8)")
  (net 106 "Net-(U15-Pad5)")
  (net 107 "Net-(U15-Pad1)")
  (net 108 "Net-(U16-Pad12)")
  (net 109 "Net-(U17-Pad10)")
  (net 110 /bath_clamp_v1_1/VCM)
  (net 111 /bath_clamp_v1_1/CAL_ADC)
  (net 112 "Net-(U20-Pad12)")
  (net 113 "Net-(U21-Pad12)")
  (net 114 /bath_clamp_v1_1/CAL_DAC)
  (net 115 "Net-(H3-Pad1)")
  (net 116 "Net-(H7-Pad1)")
  (net 117 /bath_clamp_v1_1/RF_1)
  (net 118 "Net-(C27-Pad2)")
  (net 119 "Net-(C27-Pad1)")
  (net 120 "Net-(C28-Pad2)")
  (net 121 "Net-(C28-Pad1)")
  (net 122 "Net-(C33-Pad2)")
  (net 123 "Net-(C33-Pad1)")
  (net 124 /bath_clamp_v1_1/P1_BUF)
  (net 125 "Net-(R1-Pad1)")
  (net 126 "Net-(R20-Pad2)")
  (net 127 "Net-(R20-Pad1)")
  (net 128 "Net-(R39-Pad2)")
  (net 129 "Net-(R40-Pad2)")
  (net 130 "Net-(R52-Pad1)")
  (net 131 /bath_clamp_v1_1/adc_driver/G4)
  (net 132 "Net-(R57-Pad1)")
  (net 133 /bath_clamp_v1_1/FDBK)
  (net 134 /bath_clamp_v1_1/RF_1_OUT)
  (net 135 /bath_clamp_v1_1/S2)
  (net 136 /bath_clamp_v1_1/S1)
  (net 137 /bath_clamp_v1_1/INAMP_OUT)
  (net 138 "Net-(U18-Pad1)")
  (net 139 "Net-(U19-Pad16)")
  (net 140 "Net-(U19-Pad15)")
  (net 141 "Net-(U19-Pad14)")
  (net 142 /bath_clamp_v1_1/CAL_OUT)
  (net 143 "Net-(U19-Pad8)")
  (net 144 "Net-(U19-Pad7)")
  (net 145 "Net-(U22-Pad16)")
  (net 146 "Net-(U22-Pad15)")
  (net 147 "Net-(U22-Pad14)")
  (net 148 "Net-(U22-Pad8)")
  (net 149 "Net-(U22-Pad7)")
  (net 150 "Net-(J4-Pad14)")
  (net 151 "Net-(Q2-Pad3)")
  (net 152 "Net-(Q2-Pad1)")
  (net 153 "Net-(R28-Pad1)")
  (net 154 /bath_clamp_v1_1/howland_ipump/I_OUT)
  (net 155 /bath_clamp_v1_1/EN_IPUMP)
  (net 156 "Net-(C37-Pad1)")
  (net 157 /bath_clamp_v1_1/CMD_BUF)
  (net 158 "Net-(R63-Pad1)")
  (net 159 "Net-(H5-Pad1)")
  (net 160 "Net-(C1-Pad1)")
  (net 161 "Net-(U25-Pad7)")
  (net 162 /bath_clamp_v1_1/V_GND)
  (net 163 /bath_clamp_v1_1/P2_OUT)
  (net 164 /bath_clamp_v1_1/P1_OUT)
  (net 165 /bath_clamp_v1_1/P1)
  (net 166 /bath_clamp_v1_1/F_MUX_OUT)
  (net 167 "Net-(FB1-Pad1)")
  (net 168 /bath_clamp_v1_1/adc_driver/LMP_EN)

  (net_class Default "This is the default net class."
    (clearance 0.127)
    (trace_width 0.127)
    (via_dia 0.6)
    (via_drill 0.3)
    (uvia_dia 0.6858)
    (uvia_drill 0.3302)
    (diff_pair_width 0.1524)
    (diff_pair_gap 0.254)
    (add_net /SCL)
    (add_net /SDA)
    (add_net /bath_clamp_v1_1/A0)
    (add_net /bath_clamp_v1_1/A1)
    (add_net /bath_clamp_v1_1/A2)
    (add_net /bath_clamp_v1_1/ADC_SEL1)
    (add_net /bath_clamp_v1_1/ADC_SEL2)
    (add_net /bath_clamp_v1_1/ADC_SEL3)
    (add_net /bath_clamp_v1_1/ADC_SEL4)
    (add_net /bath_clamp_v1_1/AMP_OUT)
    (add_net /bath_clamp_v1_1/CAL_ADC)
    (add_net /bath_clamp_v1_1/CAL_DAC)
    (add_net /bath_clamp_v1_1/CAL_OUT)
    (add_net /bath_clamp_v1_1/CAL_SIG1)
    (add_net /bath_clamp_v1_1/CAL_SIG2)
    (add_net /bath_clamp_v1_1/CCOMP1)
    (add_net /bath_clamp_v1_1/CCOMP2)
    (add_net /bath_clamp_v1_1/CCOMP3)
    (add_net /bath_clamp_v1_1/CCOMP4)
    (add_net /bath_clamp_v1_1/CMD_BUF)
    (add_net /bath_clamp_v1_1/DAC_SEL1)
    (add_net /bath_clamp_v1_1/DAC_SEL2)
    (add_net /bath_clamp_v1_1/DAC_SEL3)
    (add_net /bath_clamp_v1_1/DAC_SEL4)
    (add_net /bath_clamp_v1_1/EN)
    (add_net /bath_clamp_v1_1/EN_IPUMP)
    (add_net /bath_clamp_v1_1/FDBK)
    (add_net /bath_clamp_v1_1/F_MUX_OUT)
    (add_net /bath_clamp_v1_1/G1)
    (add_net /bath_clamp_v1_1/G2)
    (add_net /bath_clamp_v1_1/G3)
    (add_net /bath_clamp_v1_1/INAMP_OUT)
    (add_net /bath_clamp_v1_1/OUT_N)
    (add_net /bath_clamp_v1_1/OUT_P)
    (add_net /bath_clamp_v1_1/P1_BUF)
    (add_net /bath_clamp_v1_1/P1_CAL)
    (add_net /bath_clamp_v1_1/P1_CAL_CTRL)
    (add_net /bath_clamp_v1_1/P1_E)
    (add_net /bath_clamp_v1_1/P1_E_CTRL)
    (add_net /bath_clamp_v1_1/P2_CAL_CTRL)
    (add_net /bath_clamp_v1_1/P2_E_CTRL)
    (add_net /bath_clamp_v1_1/PCLAMP_CTRL)
    (add_net /bath_clamp_v1_1/RF1)
    (add_net /bath_clamp_v1_1/RF2)
    (add_net /bath_clamp_v1_1/RF3)
    (add_net /bath_clamp_v1_1/RF4)
    (add_net /bath_clamp_v1_1/RF_1)
    (add_net /bath_clamp_v1_1/RF_1_OUT)
    (add_net /bath_clamp_v1_1/S1)
    (add_net /bath_clamp_v1_1/S2)
    (add_net /bath_clamp_v1_1/adc_driver/G4)
    (add_net /bath_clamp_v1_1/adc_driver/LMP_EN)
    (add_net /bath_clamp_v1_1/howland_ipump/I_OUT)
    (add_net "Net-(C1-Pad1)")
    (add_net "Net-(C10-Pad2)")
    (add_net "Net-(C11-Pad2)")
    (add_net "Net-(C12-Pad2)")
    (add_net "Net-(C19-Pad2)")
    (add_net "Net-(C23-Pad1)")
    (add_net "Net-(C23-Pad2)")
    (add_net "Net-(C24-Pad2)")
    (add_net "Net-(C25-Pad2)")
    (add_net "Net-(C26-Pad2)")
    (add_net "Net-(C27-Pad1)")
    (add_net "Net-(C27-Pad2)")
    (add_net "Net-(C28-Pad1)")
    (add_net "Net-(C28-Pad2)")
    (add_net "Net-(C33-Pad1)")
    (add_net "Net-(C33-Pad2)")
    (add_net "Net-(C37-Pad1)")
    (add_net "Net-(C6-Pad1)")
    (add_net "Net-(C6-Pad2)")
    (add_net "Net-(C9-Pad2)")
    (add_net "Net-(D2-Pad2)")
    (add_net "Net-(D3-Pad2)")
    (add_net "Net-(D5-Pad2)")
    (add_net "Net-(FB1-Pad1)")
    (add_net "Net-(H1-Pad1)")
    (add_net "Net-(H3-Pad1)")
    (add_net "Net-(H5-Pad1)")
    (add_net "Net-(H7-Pad1)")
    (add_net "Net-(IC1-Pad1)")
    (add_net "Net-(IC1-Pad7)")
    (add_net "Net-(J4-Pad14)")
    (add_net "Net-(K1-Pad5)")
    (add_net "Net-(K2-Pad5)")
    (add_net "Net-(Q1-Pad5)")
    (add_net "Net-(Q2-Pad1)")
    (add_net "Net-(Q2-Pad3)")
    (add_net "Net-(Q3-Pad2)")
    (add_net "Net-(Q3-Pad5)")
    (add_net "Net-(Q4-Pad2)")
    (add_net "Net-(Q4-Pad5)")
    (add_net "Net-(R1-Pad1)")
    (add_net "Net-(R14-Pad1)")
    (add_net "Net-(R16-Pad1)")
    (add_net "Net-(R2-Pad2)")
    (add_net "Net-(R20-Pad1)")
    (add_net "Net-(R20-Pad2)")
    (add_net "Net-(R26-Pad1)")
    (add_net "Net-(R28-Pad1)")
    (add_net "Net-(R3-Pad2)")
    (add_net "Net-(R35-Pad1)")
    (add_net "Net-(R35-Pad2)")
    (add_net "Net-(R36-Pad2)")
    (add_net "Net-(R37-Pad2)")
    (add_net "Net-(R38-Pad2)")
    (add_net "Net-(R39-Pad1)")
    (add_net "Net-(R39-Pad2)")
    (add_net "Net-(R4-Pad2)")
    (add_net "Net-(R40-Pad1)")
    (add_net "Net-(R40-Pad2)")
    (add_net "Net-(R42-Pad1)")
    (add_net "Net-(R43-Pad2)")
    (add_net "Net-(R47-Pad1)")
    (add_net "Net-(R49-Pad2)")
    (add_net "Net-(R5-Pad2)")
    (add_net "Net-(R52-Pad1)")
    (add_net "Net-(R57-Pad1)")
    (add_net "Net-(R6-Pad2)")
    (add_net "Net-(R63-Pad1)")
    (add_net "Net-(R7-Pad2)")
    (add_net "Net-(R8-Pad2)")
    (add_net "Net-(U1-Pad1)")
    (add_net "Net-(U1-Pad5)")
    (add_net "Net-(U1-Pad8)")
    (add_net "Net-(U10-Pad5)")
    (add_net "Net-(U10-Pad6)")
    (add_net "Net-(U12-Pad1)")
    (add_net "Net-(U13-Pad1)")
    (add_net "Net-(U15-Pad1)")
    (add_net "Net-(U15-Pad5)")
    (add_net "Net-(U15-Pad8)")
    (add_net "Net-(U16-Pad12)")
    (add_net "Net-(U17-Pad10)")
    (add_net "Net-(U18-Pad1)")
    (add_net "Net-(U19-Pad14)")
    (add_net "Net-(U19-Pad15)")
    (add_net "Net-(U19-Pad16)")
    (add_net "Net-(U19-Pad7)")
    (add_net "Net-(U19-Pad8)")
    (add_net "Net-(U20-Pad12)")
    (add_net "Net-(U21-Pad12)")
    (add_net "Net-(U22-Pad14)")
    (add_net "Net-(U22-Pad15)")
    (add_net "Net-(U22-Pad16)")
    (add_net "Net-(U22-Pad7)")
    (add_net "Net-(U22-Pad8)")
    (add_net "Net-(U25-Pad7)")
    (add_net "Net-(U6-Pad7)")
    (add_net "Net-(U7-Pad5)")
    (add_net "Net-(U7-Pad8)")
    (add_net "Net-(U9-Pad3)")
  )

  (net_class Power ""
    (clearance 0.1)
    (trace_width 0.127)
    (via_dia 0.6)
    (via_drill 0.3)
    (uvia_dia 0.6858)
    (uvia_drill 0.3302)
    (diff_pair_width 0.1524)
    (diff_pair_gap 0.254)
    (add_net +15V)
    (add_net +3V3)
    (add_net +5V)
    (add_net +7V)
    (add_net -15V)
    (add_net -2V5)
    (add_net GND)
  )

  (net_class cap_sensitive ""
    (clearance 0.1)
    (trace_width 0.127)
    (via_dia 0.6)
    (via_drill 0.3)
    (uvia_dia 0.6858)
    (uvia_drill 0.3302)
    (diff_pair_width 0.1524)
    (diff_pair_gap 0.254)
    (add_net /bath_clamp_v1_1/CC)
    (add_net /bath_clamp_v1_1/CMD)
    (add_net /bath_clamp_v1_1/P1)
    (add_net /bath_clamp_v1_1/P1_OUT)
    (add_net /bath_clamp_v1_1/P2)
    (add_net /bath_clamp_v1_1/P2_OUT)
    (add_net /bath_clamp_v1_1/VCM)
    (add_net /bath_clamp_v1_1/V_GND)
  )

  (module Capacitor_SMD:C_0603_1608Metric (layer Bottom) (tedit 5F68FEEE) (tstamp 60E2524F)
    (at 64.4017 -43.1038 270)
    (descr "Capacitor SMD 0603 (1608 Metric), square (rectangular) end terminal, IPC_7351 nominal, (Body size source: IPC-SM-782 page 76, https://www.pcb-3d.com/wordpress/wp-content/uploads/ipc-sm-782a_amendment_1_and_2.pdf), generated with kicad-footprint-generator")
    (tags capacitor)
    (path /6032F251/60F790AE)
    (attr smd)
    (fp_text reference C47 (at 0 1.43 270) (layer B.SilkS)
      (effects (font (size 1 1) (thickness 0.15)) (justify mirror))
    )
    (fp_text value 0.1u (at 0 -1.43 270) (layer B.Fab)
      (effects (font (size 1 1) (thickness 0.15)) (justify mirror))
    )
    (fp_text user %R (at 0 0 270) (layer B.Fab)
      (effects (font (size 0.4 0.4) (thickness 0.06)) (justify mirror))
    )
    (fp_line (start -0.8 -0.4) (end -0.8 0.4) (layer B.Fab) (width 0.1))
    (fp_line (start -0.8 0.4) (end 0.8 0.4) (layer B.Fab) (width 0.1))
    (fp_line (start 0.8 0.4) (end 0.8 -0.4) (layer B.Fab) (width 0.1))
    (fp_line (start 0.8 -0.4) (end -0.8 -0.4) (layer B.Fab) (width 0.1))
    (fp_line (start -0.14058 0.51) (end 0.14058 0.51) (layer B.SilkS) (width 0.12))
    (fp_line (start -0.14058 -0.51) (end 0.14058 -0.51) (layer B.SilkS) (width 0.12))
    (fp_line (start -1.48 -0.73) (end -1.48 0.73) (layer B.CrtYd) (width 0.05))
    (fp_line (start -1.48 0.73) (end 1.48 0.73) (layer B.CrtYd) (width 0.05))
    (fp_line (start 1.48 0.73) (end 1.48 -0.73) (layer B.CrtYd) (width 0.05))
    (fp_line (start 1.48 -0.73) (end -1.48 -0.73) (layer B.CrtYd) (width 0.05))
    (pad 2 smd roundrect (at 0.775 0 270) (size 0.9 0.95) (layers Bottom B.Paste B.Mask) (roundrect_rratio 0.25)
      (net 26 +3V3))
    (pad 1 smd roundrect (at -0.775 0 270) (size 0.9 0.95) (layers Bottom B.Paste B.Mask) (roundrect_rratio 0.25)
      (net 1 GND))
    (model ${KISYS3DMOD}/Capacitor_SMD.3dshapes/C_0603_1608Metric.wrl
      (at (xyz 0 0 0))
      (scale (xyz 1 1 1))
      (rotate (xyz 0 0 0))
    )
  )

  (module Resistor_SMD:R_0603_1608Metric (layer Bottom) (tedit 5F68FEEE) (tstamp 60E029D5)
    (at 19.3548 -39.8653 90)
    (descr "Resistor SMD 0603 (1608 Metric), square (rectangular) end terminal, IPC_7351 nominal, (Body size source: IPC-SM-782 page 72, https://www.pcb-3d.com/wordpress/wp-content/uploads/ipc-sm-782a_amendment_1_and_2.pdf), generated with kicad-footprint-generator")
    (tags resistor)
    (path /6032F251/608FDC40/60EC6475)
    (attr smd)
    (fp_text reference R65 (at 0 1.43 90) (layer B.SilkS)
      (effects (font (size 1 1) (thickness 0.15)) (justify mirror))
    )
    (fp_text value DNI (at 0 -1.43 90) (layer B.Fab)
      (effects (font (size 1 1) (thickness 0.15)) (justify mirror))
    )
    (fp_text user %R (at 0 0 90) (layer B.Fab)
      (effects (font (size 0.4 0.4) (thickness 0.06)) (justify mirror))
    )
    (fp_line (start -0.8 -0.4125) (end -0.8 0.4125) (layer B.Fab) (width 0.1))
    (fp_line (start -0.8 0.4125) (end 0.8 0.4125) (layer B.Fab) (width 0.1))
    (fp_line (start 0.8 0.4125) (end 0.8 -0.4125) (layer B.Fab) (width 0.1))
    (fp_line (start 0.8 -0.4125) (end -0.8 -0.4125) (layer B.Fab) (width 0.1))
    (fp_line (start -0.237258 0.5225) (end 0.237258 0.5225) (layer B.SilkS) (width 0.12))
    (fp_line (start -0.237258 -0.5225) (end 0.237258 -0.5225) (layer B.SilkS) (width 0.12))
    (fp_line (start -1.48 -0.73) (end -1.48 0.73) (layer B.CrtYd) (width 0.05))
    (fp_line (start -1.48 0.73) (end 1.48 0.73) (layer B.CrtYd) (width 0.05))
    (fp_line (start 1.48 0.73) (end 1.48 -0.73) (layer B.CrtYd) (width 0.05))
    (fp_line (start 1.48 -0.73) (end -1.48 -0.73) (layer B.CrtYd) (width 0.05))
    (pad 2 smd roundrect (at 0.825 0 90) (size 0.8 0.95) (layers Bottom B.Paste B.Mask) (roundrect_rratio 0.25)
      (net 168 /bath_clamp_v1_1/adc_driver/LMP_EN))
    (pad 1 smd roundrect (at -0.825 0 90) (size 0.8 0.95) (layers Bottom B.Paste B.Mask) (roundrect_rratio 0.25)
      (net 25 -2V5))
    (model ${KISYS3DMOD}/Resistor_SMD.3dshapes/R_0603_1608Metric.wrl
      (at (xyz 0 0 0))
      (scale (xyz 1 1 1))
      (rotate (xyz 0 0 0))
    )
  )

  (module Capacitor_SMD:C_1206_3216Metric (layer Top) (tedit 5F68FEEE) (tstamp 60E01E90)
    (at 7.5184 -34.7472 90)
    (descr "Capacitor SMD 1206 (3216 Metric), square (rectangular) end terminal, IPC_7351 nominal, (Body size source: IPC-SM-782 page 76, https://www.pcb-3d.com/wordpress/wp-content/uploads/ipc-sm-782a_amendment_1_and_2.pdf), generated with kicad-footprint-generator")
    (tags capacitor)
    (path /6032F251/61B9C943)
    (attr smd)
    (fp_text reference FB1 (at 0 -1.85 90) (layer F.SilkS)
      (effects (font (size 1 1) (thickness 0.15)))
    )
    (fp_text value Ferrite_Bead (at 0 1.85 90) (layer F.Fab)
      (effects (font (size 1 1) (thickness 0.15)))
    )
    (fp_text user %R (at 0 0 90) (layer F.Fab)
      (effects (font (size 0.8 0.8) (thickness 0.12)))
    )
    (fp_line (start -1.6 0.8) (end -1.6 -0.8) (layer F.Fab) (width 0.1))
    (fp_line (start -1.6 -0.8) (end 1.6 -0.8) (layer F.Fab) (width 0.1))
    (fp_line (start 1.6 -0.8) (end 1.6 0.8) (layer F.Fab) (width 0.1))
    (fp_line (start 1.6 0.8) (end -1.6 0.8) (layer F.Fab) (width 0.1))
    (fp_line (start -0.711252 -0.91) (end 0.711252 -0.91) (layer F.SilkS) (width 0.12))
    (fp_line (start -0.711252 0.91) (end 0.711252 0.91) (layer F.SilkS) (width 0.12))
    (fp_line (start -2.3 1.15) (end -2.3 -1.15) (layer F.CrtYd) (width 0.05))
    (fp_line (start -2.3 -1.15) (end 2.3 -1.15) (layer F.CrtYd) (width 0.05))
    (fp_line (start 2.3 -1.15) (end 2.3 1.15) (layer F.CrtYd) (width 0.05))
    (fp_line (start 2.3 1.15) (end -2.3 1.15) (layer F.CrtYd) (width 0.05))
    (pad 2 smd roundrect (at 1.475 0 90) (size 1.15 1.8) (layers Top F.Paste F.Mask) (roundrect_rratio 0.2173904347826087)
      (net 1 GND))
    (pad 1 smd roundrect (at -1.475 0 90) (size 1.15 1.8) (layers Top F.Paste F.Mask) (roundrect_rratio 0.2173904347826087)
      (net 167 "Net-(FB1-Pad1)"))
    (model ${KISYS3DMOD}/Capacitor_SMD.3dshapes/C_1206_3216Metric.wrl
      (at (xyz 0 0 0))
      (scale (xyz 1 1 1))
      (rotate (xyz 0 0 0))
    )
  )

  (module Capacitor_SMD:C_1206_3216Metric (layer Bottom) (tedit 5F68FEEE) (tstamp 60E01D8F)
    (at 17.6149 -43.0657 180)
    (descr "Capacitor SMD 1206 (3216 Metric), square (rectangular) end terminal, IPC_7351 nominal, (Body size source: IPC-SM-782 page 76, https://www.pcb-3d.com/wordpress/wp-content/uploads/ipc-sm-782a_amendment_1_and_2.pdf), generated with kicad-footprint-generator")
    (tags capacitor)
    (path /6032F251/608FDC40/60EEAD24)
    (attr smd)
    (fp_text reference C46 (at 0 1.85) (layer B.SilkS)
      (effects (font (size 1 1) (thickness 0.15)) (justify mirror))
    )
    (fp_text value 10u (at 0 -1.85) (layer B.Fab)
      (effects (font (size 1 1) (thickness 0.15)) (justify mirror))
    )
    (fp_text user %R (at 0 0) (layer B.Fab)
      (effects (font (size 0.8 0.8) (thickness 0.12)) (justify mirror))
    )
    (fp_line (start -1.6 -0.8) (end -1.6 0.8) (layer B.Fab) (width 0.1))
    (fp_line (start -1.6 0.8) (end 1.6 0.8) (layer B.Fab) (width 0.1))
    (fp_line (start 1.6 0.8) (end 1.6 -0.8) (layer B.Fab) (width 0.1))
    (fp_line (start 1.6 -0.8) (end -1.6 -0.8) (layer B.Fab) (width 0.1))
    (fp_line (start -0.711252 0.91) (end 0.711252 0.91) (layer B.SilkS) (width 0.12))
    (fp_line (start -0.711252 -0.91) (end 0.711252 -0.91) (layer B.SilkS) (width 0.12))
    (fp_line (start -2.3 -1.15) (end -2.3 1.15) (layer B.CrtYd) (width 0.05))
    (fp_line (start -2.3 1.15) (end 2.3 1.15) (layer B.CrtYd) (width 0.05))
    (fp_line (start 2.3 1.15) (end 2.3 -1.15) (layer B.CrtYd) (width 0.05))
    (fp_line (start 2.3 -1.15) (end -2.3 -1.15) (layer B.CrtYd) (width 0.05))
    (pad 2 smd roundrect (at 1.475 0 180) (size 1.15 1.8) (layers Bottom B.Paste B.Mask) (roundrect_rratio 0.2173904347826087)
      (net 25 -2V5))
    (pad 1 smd roundrect (at -1.475 0 180) (size 1.15 1.8) (layers Bottom B.Paste B.Mask) (roundrect_rratio 0.2173904347826087)
      (net 1 GND))
    (model ${KISYS3DMOD}/Capacitor_SMD.3dshapes/C_1206_3216Metric.wrl
      (at (xyz 0 0 0))
      (scale (xyz 1 1 1))
      (rotate (xyz 0 0 0))
    )
  )

  (module Capacitor_SMD:C_1206_3216Metric (layer Bottom) (tedit 5F68FEEE) (tstamp 60E01D7E)
    (at 11.0744 -44.2722 180)
    (descr "Capacitor SMD 1206 (3216 Metric), square (rectangular) end terminal, IPC_7351 nominal, (Body size source: IPC-SM-782 page 76, https://www.pcb-3d.com/wordpress/wp-content/uploads/ipc-sm-782a_amendment_1_and_2.pdf), generated with kicad-footprint-generator")
    (tags capacitor)
    (path /6032F251/608FDC40/60EDE867)
    (attr smd)
    (fp_text reference C45 (at 0 1.85) (layer B.SilkS)
      (effects (font (size 1 1) (thickness 0.15)) (justify mirror))
    )
    (fp_text value 10u (at 0 -1.85) (layer B.Fab)
      (effects (font (size 1 1) (thickness 0.15)) (justify mirror))
    )
    (fp_text user %R (at 0 0) (layer B.Fab)
      (effects (font (size 0.8 0.8) (thickness 0.12)) (justify mirror))
    )
    (fp_line (start -1.6 -0.8) (end -1.6 0.8) (layer B.Fab) (width 0.1))
    (fp_line (start -1.6 0.8) (end 1.6 0.8) (layer B.Fab) (width 0.1))
    (fp_line (start 1.6 0.8) (end 1.6 -0.8) (layer B.Fab) (width 0.1))
    (fp_line (start 1.6 -0.8) (end -1.6 -0.8) (layer B.Fab) (width 0.1))
    (fp_line (start -0.711252 0.91) (end 0.711252 0.91) (layer B.SilkS) (width 0.12))
    (fp_line (start -0.711252 -0.91) (end 0.711252 -0.91) (layer B.SilkS) (width 0.12))
    (fp_line (start -2.3 -1.15) (end -2.3 1.15) (layer B.CrtYd) (width 0.05))
    (fp_line (start -2.3 1.15) (end 2.3 1.15) (layer B.CrtYd) (width 0.05))
    (fp_line (start 2.3 1.15) (end 2.3 -1.15) (layer B.CrtYd) (width 0.05))
    (fp_line (start 2.3 -1.15) (end -2.3 -1.15) (layer B.CrtYd) (width 0.05))
    (pad 2 smd roundrect (at 1.475 0 180) (size 1.15 1.8) (layers Bottom B.Paste B.Mask) (roundrect_rratio 0.2173904347826087)
      (net 29 +7V))
    (pad 1 smd roundrect (at -1.475 0 180) (size 1.15 1.8) (layers Bottom B.Paste B.Mask) (roundrect_rratio 0.2173904347826087)
      (net 1 GND))
    (model ${KISYS3DMOD}/Capacitor_SMD.3dshapes/C_1206_3216Metric.wrl
      (at (xyz 0 0 0))
      (scale (xyz 1 1 1))
      (rotate (xyz 0 0 0))
    )
  )

  (module Capacitor_SMD:C_0603_1608Metric (layer Top) (tedit 5F68FEEE) (tstamp 60E01D6D)
    (at 17.6149 -45.2755 180)
    (descr "Capacitor SMD 0603 (1608 Metric), square (rectangular) end terminal, IPC_7351 nominal, (Body size source: IPC-SM-782 page 76, https://www.pcb-3d.com/wordpress/wp-content/uploads/ipc-sm-782a_amendment_1_and_2.pdf), generated with kicad-footprint-generator")
    (tags capacitor)
    (path /6032F251/608FDC40/60F1E80F)
    (attr smd)
    (fp_text reference C44 (at 0 1.4224) (layer F.SilkS)
      (effects (font (size 1 1) (thickness 0.15)))
    )
    (fp_text value 0.1u (at 0 1.43) (layer F.Fab)
      (effects (font (size 1 1) (thickness 0.15)))
    )
    (fp_text user %R (at 0 0) (layer F.Fab)
      (effects (font (size 0.4 0.4) (thickness 0.06)))
    )
    (fp_line (start -0.8 0.4) (end -0.8 -0.4) (layer F.Fab) (width 0.1))
    (fp_line (start -0.8 -0.4) (end 0.8 -0.4) (layer F.Fab) (width 0.1))
    (fp_line (start 0.8 -0.4) (end 0.8 0.4) (layer F.Fab) (width 0.1))
    (fp_line (start 0.8 0.4) (end -0.8 0.4) (layer F.Fab) (width 0.1))
    (fp_line (start -0.14058 -0.51) (end 0.14058 -0.51) (layer F.SilkS) (width 0.12))
    (fp_line (start -0.14058 0.51) (end 0.14058 0.51) (layer F.SilkS) (width 0.12))
    (fp_line (start -1.48 0.73) (end -1.48 -0.73) (layer F.CrtYd) (width 0.05))
    (fp_line (start -1.48 -0.73) (end 1.48 -0.73) (layer F.CrtYd) (width 0.05))
    (fp_line (start 1.48 -0.73) (end 1.48 0.73) (layer F.CrtYd) (width 0.05))
    (fp_line (start 1.48 0.73) (end -1.48 0.73) (layer F.CrtYd) (width 0.05))
    (pad 2 smd roundrect (at 0.775 0 180) (size 0.9 0.95) (layers Top F.Paste F.Mask) (roundrect_rratio 0.25)
      (net 29 +7V))
    (pad 1 smd roundrect (at -0.775 0 180) (size 0.9 0.95) (layers Top F.Paste F.Mask) (roundrect_rratio 0.25)
      (net 25 -2V5))
    (model ${KISYS3DMOD}/Capacitor_SMD.3dshapes/C_0603_1608Metric.wrl
      (at (xyz 0 0 0))
      (scale (xyz 1 1 1))
      (rotate (xyz 0 0 0))
    )
  )

  (module Capacitor_SMD:C_0603_1608Metric (layer Top) (tedit 5F68FEEE) (tstamp 60E01D5C)
    (at 7.5184 -39.2049 90)
    (descr "Capacitor SMD 0603 (1608 Metric), square (rectangular) end terminal, IPC_7351 nominal, (Body size source: IPC-SM-782 page 76, https://www.pcb-3d.com/wordpress/wp-content/uploads/ipc-sm-782a_amendment_1_and_2.pdf), generated with kicad-footprint-generator")
    (tags capacitor)
    (path /6032F251/608FDC40/60EFA642)
    (attr smd)
    (fp_text reference C43 (at 0 -1.43 90) (layer F.SilkS)
      (effects (font (size 1 1) (thickness 0.15)))
    )
    (fp_text value 0.1u (at 0 1.43 90) (layer F.Fab)
      (effects (font (size 1 1) (thickness 0.15)))
    )
    (fp_text user %R (at 0 0 90) (layer F.Fab)
      (effects (font (size 0.4 0.4) (thickness 0.06)))
    )
    (fp_line (start -0.8 0.4) (end -0.8 -0.4) (layer F.Fab) (width 0.1))
    (fp_line (start -0.8 -0.4) (end 0.8 -0.4) (layer F.Fab) (width 0.1))
    (fp_line (start 0.8 -0.4) (end 0.8 0.4) (layer F.Fab) (width 0.1))
    (fp_line (start 0.8 0.4) (end -0.8 0.4) (layer F.Fab) (width 0.1))
    (fp_line (start -0.14058 -0.51) (end 0.14058 -0.51) (layer F.SilkS) (width 0.12))
    (fp_line (start -0.14058 0.51) (end 0.14058 0.51) (layer F.SilkS) (width 0.12))
    (fp_line (start -1.48 0.73) (end -1.48 -0.73) (layer F.CrtYd) (width 0.05))
    (fp_line (start -1.48 -0.73) (end 1.48 -0.73) (layer F.CrtYd) (width 0.05))
    (fp_line (start 1.48 -0.73) (end 1.48 0.73) (layer F.CrtYd) (width 0.05))
    (fp_line (start 1.48 0.73) (end -1.48 0.73) (layer F.CrtYd) (width 0.05))
    (pad 2 smd roundrect (at 0.775 0 90) (size 0.9 0.95) (layers Top F.Paste F.Mask) (roundrect_rratio 0.25)
      (net 110 /bath_clamp_v1_1/VCM))
    (pad 1 smd roundrect (at -0.775 0 90) (size 0.9 0.95) (layers Top F.Paste F.Mask) (roundrect_rratio 0.25)
      (net 1 GND))
    (model ${KISYS3DMOD}/Capacitor_SMD.3dshapes/C_0603_1608Metric.wrl
      (at (xyz 0 0 0))
      (scale (xyz 1 1 1))
      (rotate (xyz 0 0 0))
    )
  )

  (module Package_SO:TSSOP-16_4.4x5mm_P0.65mm (layer Bottom) (tedit 5E476F32) (tstamp 60CA3674)
    (at 46.0248 -17.6403)
    (descr "TSSOP, 16 Pin (JEDEC MO-153 Var AB https://www.jedec.org/document_search?search_api_views_fulltext=MO-153), generated with kicad-footprint-generator ipc_gullwing_generator.py")
    (tags "TSSOP SO")
    (path /6032F251/62017813/621ACC09)
    (attr smd)
    (fp_text reference U14 (at 0 3.45) (layer B.SilkS)
      (effects (font (size 1 1) (thickness 0.15)) (justify mirror))
    )
    (fp_text value DG412xUE (at 0 -3.45) (layer B.Fab)
      (effects (font (size 1 1) (thickness 0.15)) (justify mirror))
    )
    (fp_line (start 3.85 2.75) (end -3.85 2.75) (layer B.CrtYd) (width 0.05))
    (fp_line (start 3.85 -2.75) (end 3.85 2.75) (layer B.CrtYd) (width 0.05))
    (fp_line (start -3.85 -2.75) (end 3.85 -2.75) (layer B.CrtYd) (width 0.05))
    (fp_line (start -3.85 2.75) (end -3.85 -2.75) (layer B.CrtYd) (width 0.05))
    (fp_line (start -2.2 1.5) (end -1.2 2.5) (layer B.Fab) (width 0.1))
    (fp_line (start -2.2 -2.5) (end -2.2 1.5) (layer B.Fab) (width 0.1))
    (fp_line (start 2.2 -2.5) (end -2.2 -2.5) (layer B.Fab) (width 0.1))
    (fp_line (start 2.2 2.5) (end 2.2 -2.5) (layer B.Fab) (width 0.1))
    (fp_line (start -1.2 2.5) (end 2.2 2.5) (layer B.Fab) (width 0.1))
    (fp_line (start 0 2.735) (end -3.6 2.735) (layer B.SilkS) (width 0.12))
    (fp_line (start 0 2.735) (end 2.2 2.735) (layer B.SilkS) (width 0.12))
    (fp_line (start 0 -2.735) (end -2.2 -2.735) (layer B.SilkS) (width 0.12))
    (fp_line (start 0 -2.735) (end 2.2 -2.735) (layer B.SilkS) (width 0.12))
    (fp_text user %R (at 0 0) (layer B.Fab)
      (effects (font (size 1 1) (thickness 0.15)) (justify mirror))
    )
    (pad 16 smd roundrect (at 2.8625 2.275) (size 1.475 0.4) (layers Bottom B.Paste B.Mask) (roundrect_rratio 0.25)
      (net 100 /bath_clamp_v1_1/RF4))
    (pad 15 smd roundrect (at 2.8625 1.625) (size 1.475 0.4) (layers Bottom B.Paste B.Mask) (roundrect_rratio 0.25)
      (net 124 /bath_clamp_v1_1/P1_BUF))
    (pad 14 smd roundrect (at 2.8625 0.975) (size 1.475 0.4) (layers Bottom B.Paste B.Mask) (roundrect_rratio 0.25)
      (net 39 "Net-(C26-Pad2)"))
    (pad 13 smd roundrect (at 2.8625 0.325) (size 1.475 0.4) (layers Bottom B.Paste B.Mask) (roundrect_rratio 0.25)
      (net 17 +15V))
    (pad 12 smd roundrect (at 2.8625 -0.325) (size 1.475 0.4) (layers Bottom B.Paste B.Mask) (roundrect_rratio 0.25)
      (net 26 +3V3))
    (pad 11 smd roundrect (at 2.8625 -0.975) (size 1.475 0.4) (layers Bottom B.Paste B.Mask) (roundrect_rratio 0.25)
      (net 38 "Net-(C25-Pad2)"))
    (pad 10 smd roundrect (at 2.8625 -1.625) (size 1.475 0.4) (layers Bottom B.Paste B.Mask) (roundrect_rratio 0.25)
      (net 124 /bath_clamp_v1_1/P1_BUF))
    (pad 9 smd roundrect (at 2.8625 -2.275) (size 1.475 0.4) (layers Bottom B.Paste B.Mask) (roundrect_rratio 0.25)
      (net 101 /bath_clamp_v1_1/RF3))
    (pad 8 smd roundrect (at -2.8625 -2.275) (size 1.475 0.4) (layers Bottom B.Paste B.Mask) (roundrect_rratio 0.25)
      (net 102 /bath_clamp_v1_1/RF2))
    (pad 7 smd roundrect (at -2.8625 -1.625) (size 1.475 0.4) (layers Bottom B.Paste B.Mask) (roundrect_rratio 0.25)
      (net 37 "Net-(C24-Pad2)"))
    (pad 6 smd roundrect (at -2.8625 -0.975) (size 1.475 0.4) (layers Bottom B.Paste B.Mask) (roundrect_rratio 0.25)
      (net 124 /bath_clamp_v1_1/P1_BUF))
    (pad 5 smd roundrect (at -2.8625 -0.325) (size 1.475 0.4) (layers Bottom B.Paste B.Mask) (roundrect_rratio 0.25)
      (net 1 GND))
    (pad 4 smd roundrect (at -2.8625 0.325) (size 1.475 0.4) (layers Bottom B.Paste B.Mask) (roundrect_rratio 0.25)
      (net 18 -15V))
    (pad 3 smd roundrect (at -2.8625 0.975) (size 1.475 0.4) (layers Bottom B.Paste B.Mask) (roundrect_rratio 0.25)
      (net 35 "Net-(C23-Pad2)"))
    (pad 2 smd roundrect (at -2.8625 1.625) (size 1.475 0.4) (layers Bottom B.Paste B.Mask) (roundrect_rratio 0.25)
      (net 124 /bath_clamp_v1_1/P1_BUF))
    (pad 1 smd roundrect (at -2.8625 2.275) (size 1.475 0.4) (layers Bottom B.Paste B.Mask) (roundrect_rratio 0.25)
      (net 103 /bath_clamp_v1_1/RF1))
    (model ${KISYS3DMOD}/Package_SO.3dshapes/TSSOP-16_4.4x5mm_P0.65mm.wrl
      (at (xyz 0 0 0))
      (scale (xyz 1 1 1))
      (rotate (xyz 0 0 0))
    )
  )

  (module Capacitor_SMD:C_0603_1608Metric (layer Top) (tedit 5F68FEEE) (tstamp 60CA219F)
    (at 43.2308 -18.0213 90)
    (descr "Capacitor SMD 0603 (1608 Metric), square (rectangular) end terminal, IPC_7351 nominal, (Body size source: IPC-SM-782 page 76, https://www.pcb-3d.com/wordpress/wp-content/uploads/ipc-sm-782a_amendment_1_and_2.pdf), generated with kicad-footprint-generator")
    (tags capacitor)
    (path /6032F251/62017813/60EBA4F6)
    (attr smd)
    (fp_text reference C42 (at 0 -1.43 270) (layer F.SilkS)
      (effects (font (size 1 1) (thickness 0.15)))
    )
    (fp_text value 0.1u (at 0 1.43 270) (layer F.Fab)
      (effects (font (size 1 1) (thickness 0.15)))
    )
    (fp_line (start 1.48 0.73) (end -1.48 0.73) (layer F.CrtYd) (width 0.05))
    (fp_line (start 1.48 -0.73) (end 1.48 0.73) (layer F.CrtYd) (width 0.05))
    (fp_line (start -1.48 -0.73) (end 1.48 -0.73) (layer F.CrtYd) (width 0.05))
    (fp_line (start -1.48 0.73) (end -1.48 -0.73) (layer F.CrtYd) (width 0.05))
    (fp_line (start -0.14058 0.51) (end 0.14058 0.51) (layer F.SilkS) (width 0.12))
    (fp_line (start -0.14058 -0.51) (end 0.14058 -0.51) (layer F.SilkS) (width 0.12))
    (fp_line (start 0.8 0.4) (end -0.8 0.4) (layer F.Fab) (width 0.1))
    (fp_line (start 0.8 -0.4) (end 0.8 0.4) (layer F.Fab) (width 0.1))
    (fp_line (start -0.8 -0.4) (end 0.8 -0.4) (layer F.Fab) (width 0.1))
    (fp_line (start -0.8 0.4) (end -0.8 -0.4) (layer F.Fab) (width 0.1))
    (fp_text user %R (at 0 0 270) (layer F.Fab)
      (effects (font (size 0.4 0.4) (thickness 0.06)))
    )
    (pad 2 smd roundrect (at 0.775 0 90) (size 0.9 0.95) (layers Top F.Paste F.Mask) (roundrect_rratio 0.25)
      (net 1 GND))
    (pad 1 smd roundrect (at -0.775 0 90) (size 0.9 0.95) (layers Top F.Paste F.Mask) (roundrect_rratio 0.25)
      (net 18 -15V))
    (model ${KISYS3DMOD}/Capacitor_SMD.3dshapes/C_0603_1608Metric.wrl
      (at (xyz 0 0 0))
      (scale (xyz 1 1 1))
      (rotate (xyz 0 0 0))
    )
  )

  (module Capacitor_SMD:C_0603_1608Metric (layer Top) (tedit 5F68FEEE) (tstamp 60CA218E)
    (at 44.8818 -18.0213 270)
    (descr "Capacitor SMD 0603 (1608 Metric), square (rectangular) end terminal, IPC_7351 nominal, (Body size source: IPC-SM-782 page 76, https://www.pcb-3d.com/wordpress/wp-content/uploads/ipc-sm-782a_amendment_1_and_2.pdf), generated with kicad-footprint-generator")
    (tags capacitor)
    (path /6032F251/62017813/60EBA4ED)
    (attr smd)
    (fp_text reference C41 (at 0 -1.43 270) (layer F.SilkS)
      (effects (font (size 1 1) (thickness 0.15)))
    )
    (fp_text value 0.1u (at 0 1.43 270) (layer F.Fab)
      (effects (font (size 1 1) (thickness 0.15)))
    )
    (fp_line (start 1.48 0.73) (end -1.48 0.73) (layer F.CrtYd) (width 0.05))
    (fp_line (start 1.48 -0.73) (end 1.48 0.73) (layer F.CrtYd) (width 0.05))
    (fp_line (start -1.48 -0.73) (end 1.48 -0.73) (layer F.CrtYd) (width 0.05))
    (fp_line (start -1.48 0.73) (end -1.48 -0.73) (layer F.CrtYd) (width 0.05))
    (fp_line (start -0.14058 0.51) (end 0.14058 0.51) (layer F.SilkS) (width 0.12))
    (fp_line (start -0.14058 -0.51) (end 0.14058 -0.51) (layer F.SilkS) (width 0.12))
    (fp_line (start 0.8 0.4) (end -0.8 0.4) (layer F.Fab) (width 0.1))
    (fp_line (start 0.8 -0.4) (end 0.8 0.4) (layer F.Fab) (width 0.1))
    (fp_line (start -0.8 -0.4) (end 0.8 -0.4) (layer F.Fab) (width 0.1))
    (fp_line (start -0.8 0.4) (end -0.8 -0.4) (layer F.Fab) (width 0.1))
    (fp_text user %R (at 0 0 270) (layer F.Fab)
      (effects (font (size 0.4 0.4) (thickness 0.06)))
    )
    (pad 2 smd roundrect (at 0.775 0 270) (size 0.9 0.95) (layers Top F.Paste F.Mask) (roundrect_rratio 0.25)
      (net 17 +15V))
    (pad 1 smd roundrect (at -0.775 0 270) (size 0.9 0.95) (layers Top F.Paste F.Mask) (roundrect_rratio 0.25)
      (net 1 GND))
    (model ${KISYS3DMOD}/Capacitor_SMD.3dshapes/C_0603_1608Metric.wrl
      (at (xyz 0 0 0))
      (scale (xyz 1 1 1))
      (rotate (xyz 0 0 0))
    )
  )

  (module Capacitor_SMD:C_0603_1608Metric (layer Top) (tedit 5F68FEEE) (tstamp 60CA217D)
    (at 77.3938 -9.8933 270)
    (descr "Capacitor SMD 0603 (1608 Metric), square (rectangular) end terminal, IPC_7351 nominal, (Body size source: IPC-SM-782 page 76, https://www.pcb-3d.com/wordpress/wp-content/uploads/ipc-sm-782a_amendment_1_and_2.pdf), generated with kicad-footprint-generator")
    (tags capacitor)
    (path /6032F251/60EF28DC)
    (attr smd)
    (fp_text reference C40 (at 0 -1.43 90) (layer F.SilkS)
      (effects (font (size 1 1) (thickness 0.15)))
    )
    (fp_text value 0.1u (at 0 1.43 90) (layer F.Fab)
      (effects (font (size 1 1) (thickness 0.15)))
    )
    (fp_line (start 1.48 0.73) (end -1.48 0.73) (layer F.CrtYd) (width 0.05))
    (fp_line (start 1.48 -0.73) (end 1.48 0.73) (layer F.CrtYd) (width 0.05))
    (fp_line (start -1.48 -0.73) (end 1.48 -0.73) (layer F.CrtYd) (width 0.05))
    (fp_line (start -1.48 0.73) (end -1.48 -0.73) (layer F.CrtYd) (width 0.05))
    (fp_line (start -0.14058 0.51) (end 0.14058 0.51) (layer F.SilkS) (width 0.12))
    (fp_line (start -0.14058 -0.51) (end 0.14058 -0.51) (layer F.SilkS) (width 0.12))
    (fp_line (start 0.8 0.4) (end -0.8 0.4) (layer F.Fab) (width 0.1))
    (fp_line (start 0.8 -0.4) (end 0.8 0.4) (layer F.Fab) (width 0.1))
    (fp_line (start -0.8 -0.4) (end 0.8 -0.4) (layer F.Fab) (width 0.1))
    (fp_line (start -0.8 0.4) (end -0.8 -0.4) (layer F.Fab) (width 0.1))
    (fp_text user %R (at 0 0 90) (layer F.Fab)
      (effects (font (size 0.4 0.4) (thickness 0.06)))
    )
    (pad 2 smd roundrect (at 0.775 0 270) (size 0.9 0.95) (layers Top F.Paste F.Mask) (roundrect_rratio 0.25)
      (net 12 +5V))
    (pad 1 smd roundrect (at -0.775 0 270) (size 0.9 0.95) (layers Top F.Paste F.Mask) (roundrect_rratio 0.25)
      (net 1 GND))
    (model ${KISYS3DMOD}/Capacitor_SMD.3dshapes/C_0603_1608Metric.wrl
      (at (xyz 0 0 0))
      (scale (xyz 1 1 1))
      (rotate (xyz 0 0 0))
    )
  )

  (module Capacitor_SMD:C_0603_1608Metric (layer Top) (tedit 5F68FEEE) (tstamp 60CA216C)
    (at 13.5128 -29.5783 180)
    (descr "Capacitor SMD 0603 (1608 Metric), square (rectangular) end terminal, IPC_7351 nominal, (Body size source: IPC-SM-782 page 76, https://www.pcb-3d.com/wordpress/wp-content/uploads/ipc-sm-782a_amendment_1_and_2.pdf), generated with kicad-footprint-generator")
    (tags capacitor)
    (path /6032F251/60EF28C2)
    (attr smd)
    (fp_text reference C39 (at 0 -1.43) (layer F.SilkS)
      (effects (font (size 1 1) (thickness 0.15)))
    )
    (fp_text value 0.1u (at 0 1.43) (layer F.Fab)
      (effects (font (size 1 1) (thickness 0.15)))
    )
    (fp_line (start 1.48 0.73) (end -1.48 0.73) (layer F.CrtYd) (width 0.05))
    (fp_line (start 1.48 -0.73) (end 1.48 0.73) (layer F.CrtYd) (width 0.05))
    (fp_line (start -1.48 -0.73) (end 1.48 -0.73) (layer F.CrtYd) (width 0.05))
    (fp_line (start -1.48 0.73) (end -1.48 -0.73) (layer F.CrtYd) (width 0.05))
    (fp_line (start -0.14058 0.51) (end 0.14058 0.51) (layer F.SilkS) (width 0.12))
    (fp_line (start -0.14058 -0.51) (end 0.14058 -0.51) (layer F.SilkS) (width 0.12))
    (fp_line (start 0.8 0.4) (end -0.8 0.4) (layer F.Fab) (width 0.1))
    (fp_line (start 0.8 -0.4) (end 0.8 0.4) (layer F.Fab) (width 0.1))
    (fp_line (start -0.8 -0.4) (end 0.8 -0.4) (layer F.Fab) (width 0.1))
    (fp_line (start -0.8 0.4) (end -0.8 -0.4) (layer F.Fab) (width 0.1))
    (fp_text user %R (at 0 0) (layer F.Fab)
      (effects (font (size 0.4 0.4) (thickness 0.06)))
    )
    (pad 2 smd roundrect (at 0.775 0 180) (size 0.9 0.95) (layers Top F.Paste F.Mask) (roundrect_rratio 0.25)
      (net 12 +5V))
